employee_id,name,dept_id,hire_date,salary,performance_rating,email,location_id
1305.0,Jane Young,1,2018-04-05,57992.6,3.0,jane.young@company.com,1
1500.0,Barbara Thompson,2,2019-03-22,53879.0,2.0,barbara.thompson@company.com,1
1442.0,Lisa Jones,3,2015-10-28,70697.7,1.0,lisa.jones@company.com,1
1154.0,Lisa Williams,4,2017-05-09,95123.98,2.0,lisa.williams@company.com,2
1448.0,Daniel Jackson,2,2016-02-02,73244.0,4.0,daniel.jackson@company.com,2
1132.0,Karen Johnson,1,,43190.0,3.0,karen.johnson@company.com,3
1205.0,Linda Williams,2,2020-07-18,62593.0,5.0,linda.williams@company.com,3
1276.0,Andrew Martinez,2,2016-06-10,77022.0,2.0,andrew.martinez@company.com,1
1326.0,Patricia Jones,2,,60792.0,3.0,patricia.jones@company.com,4
1248.0,Lisa Martin,2,,58312.0,5.0,lisa.martin@company.com,4
1466.0,James Hernandez,1,2019-10-12,67119.0,4.0,james.hernandez@company.com,1
1354.0,Sarah Clark,3,2017-09-14,45619.0,5.0,sarah.clark@company.com,3
1290.0,Sarah Wilson,3,2019-06-26,49871.0,1.0,sarah.wilson@company.com,1
1085.0,Mary Young,5,2021-07-17,105189.0,4.0,mary.young@company.com,1
1011.0,Susan Martinez,5,,117741.0,4.0,susan.martinez@company.com,2
1079.0,Christopher Lopez,6,2017-02-26,86317.22,2.0,christopher.lopez@company.com,1
1031.0,Barbara Thompson,1,2019-03-26,63709.0,3.0,barbara.thompson@company.com,1
1185.0,Elizabeth Young,7,2022-12-08,80344.0,2.0,elizabeth.young@company.com,4
1196.0,Kevin Moore,3,2021-09-05,58325.0,4.0,kevin.moore@company.com,4
1223.0,Matthew White,2,2015-03-27,76386.0,1.0,matthew.white@company.com,4
1210.0,Kevin Hernandez,4,2022-02-01,95123.98,2.0,kevin.hernandez@company.com,4
1282.0,Richard Johnson,3,,54172.0,1.0,richard.johnson@company.com,4
1209.0,Jessica Martin,5,,67331.0,3.0,jessica.martin@company.com,4
1125.0,Joshua Rodriguez,2,2018-02-06,58505.0,3.0,joshua.rodriguez@company.com,5
1251.0,Kevin Anderson,4,2019-05-14,95123.98,1.0,kevin.anderson@company.com,4
1077.0,Daniel Johnson,6,,69046.0,5.0,daniel.johnson@company.com,5
1383.0,Nancy White,4,2024-03-07,95123.98,2.0,nancy.white@company.com,5
1343.0,Jane Robinson,1,2016-09-20,59659.0,3.0,jane.robinson@company.com,4
1324.0,Daniel Brown,4,2021-05-10,95123.98,4.0,daniel.brown@company.com,1
1245.0,Joshua Wilson,7,2015-07-20,80768.0,3.0,joshua.wilson@company.com,5
1332.0,Robert Martin,3,2017-01-15,62519.0,1.0,robert.martin@company.com,5
1141.0,Christopher Martinez,1,2014-06-09,49183.0,5.0,christopher.martinez@company.com,3
1010.0,Sarah Moore,5,2016-04-15,69360.0,4.0,sarah.moore@company.com,2
1073.0,Elizabeth Moore,5,2016-09-13,77579.0,4.0,elizabeth.moore@company.com,1
1401.0,Karen Smith,3,2015-12-22,48519.0,3.0,karen.smith@company.com,1
1488.0,David Johnson,2,2020-07-13,76734.0,2.0,david.johnson@company.com,3
1226.0,Robert Jones,5,2018-12-12,86810.69,2.0,robert.jones@company.com,2
1074.0,Kevin Jones,1,2016-05-31,44178.0,5.0,kevin.jones@company.com,2
1178.0,Karen Lewis,5,2017-09-18,67050.0,5.0,karen.lewis@company.com,5
1404.0,Linda Clark,5,2014-05-29,70213.0,1.0,linda.clark@company.com,5
1069.0,Barbara Johnson,7,2018-05-30,87900.0,2.0,barbara.johnson@company,5
1056.0,Nancy Anderson,4,2016-02-17,95123.98,1.0,nancy.anderson@company.com,4
1406.0,Jessica Gonzalez,2,2018-06-15,67321.0,2.0,jessica.gonzalez@company.com,1
1299.0,Daniel Gonzalez,6,2017-01-25,61198.0,5.0,daniel.gonzalez@company.com,1
1078.0,Robert Martinez,5,2014-07-27,119627.0,2.0,robert.martinez@company.com,4
1469.0,Susan Gonzalez,3,,92503.0,4.0,susan.gonzalez@company.com,5
1318.0,Robert Anderson,5,2024-09-17,86810.69,3.0,robert.anderson@company.com,2
1476.0,Betty Williams,6,,78198.0,1.0,betty.williams@company.com,3
1091.0,Richard Brown,3,2015-03-17,69618.0,3.0,richard.brown@company.com,5
1239.0,Patricia Moore,6,,107139.0,2.0,patricia.moore@company.com,1
1486.0,Charles Clark,5,2017-09-12,86810.69,3.0,charles.clark@company.com,5
1064.0,Barbara Young,4,2017-06-17,72853.0,2.0,barbara.young@company.com,3
1458.0,William Garcia,7,2015-12-20,86321.0,1.0,william.garcia@company.com,3
1071.0,Joshua Lopez,7,2019-02-16,52968.0,1.0,joshua.lopez@company.com,1
1003.0,John Martin,7,2021-09-21,76569.0,2.0,john.martin@company.com,1
1288.0,Charles Williams,6,,86317.22,4.0,charles.williams@company.com,3
1342.0,Jessica Wilson,7,2016-09-07,64801.0,5.0,jessica.wilson@company.com,1
1138.0,Betty Hall,4,2019-08-11,95123.98,2.0,betty.hall@company.com,4
1250.0,Lisa Hernandez,2,2021-06-05,65507.0,2.0,lisa.hernandez@company.com,1
1195.0,Susan Lewis,4,2024-11-05,95123.98,4.0,susan.lewis@company.com,3
1173.0,Nancy Brown,7,2017-05-12,77284.0,4.0,nancy.brown@company.com,1
1083.0,Lisa Walker,6,,83590.0,3.0,lisa.walker@company.com,5
1454.0,Susan Wilson,2,2020-05-14,51769.0,1.0,susan.wilson@company.com,1
1319.0,Barbara Johnson,4,2022-04-01,95123.98,4.0,barbara.johnson@company.com,4
1034.0,Thomas Rodriguez,7,2019-01-16,57353.0,4.0,thomas.rodriguez@company.com,4
1427.0,Charles Rodriguez,3,2021-03-11,49817.0,5.0,charles.rodriguez@company.com,4
1228.0,Jennifer Wilson,1,2018-09-12,65993.0,1.0,jennifer.wilson@company.com,2
1001.0,Matthew White,3,2019-02-01,65106.0,3.0,matthew.white@company.com,4
1012.0,Jessica Hall,1,,48753.0,4.0,jessica.hall@company.com,5
1238.0,William Gonzalez,5,,72141.0,5.0,william.gonzalez@company.com,3
1023.0,Charles Jones,5,2015-06-20,104929.0,5.0,charles.jones@company.com,2
1105.0,Susan Garcia,4,2020-04-20,72979.0,3.0,susan.garcia@company.com,4
1297.0,Barbara Gonzalez,5,2022-02-12,101345.0,3.0,barbara.gonzalez@company.com,4
1102.0,James Hall,3,2018-06-29,92700.0,2.0,james.hall@company.com,1
1080.0,Michael Young,2,2019-07-21,47079.0,4.0,michael.young@company.com,4
1430.0,Charles Smith,6,,80214.0,2.0,charles.smith@company.com,2
1432.0,Jane Hernandez,1,2024-07-11,50110.0,5.0,jane.hernandez@company.com,2
1019.0,John Young,3,2023-08-27,75856.0,3.0,john.young@company.com,3
1177.0,Emily Harris,1,2018-02-17,64671.0,3.0,emily.harris@company.com,2
1232.0,Andrew Harris,6,2016-04-15,97101.0,2.0,andrew.harris@company.com,5
1133.0,William Walker,2,,61038.0,2.0,william.walker@company.com,3
1040.0,Andrew Walker,1,2024-08-08,50783.0,4.0,andrew.walker@company.com,5
1465.0,Lisa Hernandez,5,2018-10-18,74126.0,4.0,lisa.hernandez@company.com,5
1047.0,David Johnson,3,2023-09-15,91983.0,2.0,david.johnson@company.com,4
1358.0,Barbara Rodriguez,2,2021-08-22,73436.0,4.0,barbara.rodriguez@company.com,1
1278.0,Christopher Lewis,1,2020-04-04,70200.0,1.0,christopher.lewis@company.com,2
1363.0,James Lee,7,2020-03-04,84613.0,3.0,james.lee@company.com,3
1094.0,Matthew Moore,7,2023-11-24,58715.0,4.0,matthew.moore@company.com,1
1447.0,Lisa Gonzalez,7,2022-01-22,62280.0,2.0,lisa.gonzalez@company.com,3
1204.0,Mary Wilson,6,2014-07-30,66755.0,3.0,mary.wilson@company.com,2
1451.0,Elizabeth Smith,5,2017-10-12,91355.0,5.0,elizabeth.smith@company.com,4
1149.0,Matthew Miller,5,2015-09-03,94185.0,3.0,matthew.miller@company.com,1
1221.0,Mary Hernandez,6,,86317.22,3.0,mary.hernandez@company.com,3
1070.0,Mary Robinson,2,2019-09-02,64223.62,2.0,mary.robinson@company.com,3
1254.0,Michael Thompson,2,2017-07-09,59501.0,1.0,michael.thompson@company.com,5
1399.0,Betty Jackson,5,2023-11-23,103854.0,3.0,betty.jackson@company.com,4
1168.0,Charles Rodriguez,5,2019-09-19,118720.0,5.0,charles.rodriguez@company.com,1
1294.0,William Miller,6,2020-04-14,78021.0,2.0,william.miller@company.com,5
1281.0,Mary Smith,4,2024-07-23,92185.0,4.0,mary.smith@company.com,3
1321.0,Jessica Davis,3,,56748.0,4.0,jessica.davis@company.com,5
1330.0,Karen Taylor,2,2023-04-15,61542.0,1.0,karen.taylor@company.com,1
1174.0,Sarah Martin,1,,66755.0,1.0,sarah.martin@company.com,4
1273.0,Robert Clark,3,2019-06-07,87900.0,1.0,robert.clark@company.com,4
1496.0,Mary Jones,5,2016-08-25,95414.0,3.0,mary.jones@company.com,1
1183.0,Richard Brown,3,,64709.0,4.0,richard.brown@company.com,2
1269.0,Charles Martin,7,2023-01-05,87341.0,4.0,charles.martin@company.com,4
1353.0,Nancy Rodriguez,5,,96729.0,6.0,nancy.rodriguez@company.com,4
1118.0,Betty Wilson,3,2020-12-27,57352.0,2.0,betty.wilson@company.com,3
1394.0,Emily Robinson,4,2014-06-02,95123.98,4.0,emily.robinson@company.com,3
1333.0,Sarah Hernandez,5,,107096.0,1.0,sarah.hernandez@company.com,2
1456.0,Daniel Walker,2,2022-06-29,50873.0,1.0,daniel.walker@company.com,3
1445.0,Kevin Smith,1,2021-04-09,48683.0,4.0,kevin.smith@company.com,5
1357.0,Robert Lee,7,2015-02-16,82758.0,2.0,robert.lee@company.com,1
1087.0,Nancy Miller,4,2017-03-16,119081.0,5.0,nancy.miller@company.com,5
1439.0,Michael Robinson,3,2023-01-26,65202.0,3.0,michael.robinson@company.com,2
1076.0,Jennifer Jones,5,2017-12-16,58948.0,4.0,jennifer.jones@company.com,1
1452.0,Michael Williams,1,2022-11-13,73583.0,5.0,michael.williams@company.com,5
1016.0,Daniel Jones,6,,108971.0,2.0,daniel.jones@company.com,5
1211.0,Jessica Thompson,2,2020-12-13,81624.0,4.0,jessica.thompson@company.com,4
1181.0,Elizabeth Martin,5,2024-12-27,110662.0,4.0,elizabeth.martin@company,4
1398.0,James Clark,6,2018-08-09,86317.22,3.0,james.clark@company.com,2
1020.0,Michael Brown,5,,104633.0,1.0,michael.brown@company.com,2
1341.0,Nancy Taylor,3,2020-07-31,90694.0,5.0,nancy.taylor@company.com,2
1057.0,Jennifer Moore,3,,72225.0,3.0,jennifer.moore@company.com,2
1279.0,Robert Miller,5,2017-05-07,66025.0,5.0,robert.miller@company.com,2
1468.0,David Young,6,,71101.0,1.0,david.young@company,1
1044.0,Linda Wilson,6,2018-09-09,75235.0,1.0,linda.wilson@company.com,2
1155.0,Jessica Clark,4,2024-06-11,95123.98,2.0,jessica.clark@company.com,2
1026.0,Barbara Martin,2,2019-10-11,50365.0,2.0,barbara.martin@company.com,5
1266.0,Barbara Taylor,4,,113236.0,1.0,barbara.taylor@company.com,4
1043.0,Christopher Lee,3,2020-11-25,73956.0,5.0,christopher.lee@company.com,2
1313.0,Charles Davis,6,2023-01-09,62192.0,2.0,charles.davis@company.com,2
1413.0,Robert Walker,2,,74527.0,4.0,robert.walker@company.com,3
1457.0,Charles Anderson,2,2016-03-02,68194.0,4.0,charles.anderson@company.com,1
1285.0,Jennifer Martin,1,2017-03-29,52061.0,4.0,jennifer.martin@company.com,1
1127.0,Andrew Lewis,6,,73224.0,1.0,andrew.lewis@company.com,1
1335.0,Susan Young,2,2021-10-22,50178.0,1.0,susan.young@company.com,2
1032.0,Linda Lee,6,2015-05-17,70237.0,3.0,linda.lee@company.com,2
1114.0,Emily Hall,5,2022-07-28,85187.0,1.0,emily.hall@company.com,1
1219.0,Nancy Thompson,2,2014-05-10,57453.0,1.0,nancy.thompson@company.com,4
1417.0,Daniel Moore,3,2014-06-03,81243.0,3.0,daniel.moore@company.com,4
1058.0,Elizabeth White,6,,119873.0,1.0,elizabeth.white@company.com,4
1397.0,Richard Young,2,2015-12-19,50139.0,2.0,richard.young@company.com,3
1025.0,John Martinez,2,2018-02-26,84047.0,1.0,john.martinez@company.com,1
1018.0,Jane Brown,4,2022-03-27,95123.98,5.0,jane.brown@company.com,1
1193.0,Jessica Taylor,5,,80455.0,3.0,jessica.taylor@company.com,4
1067.0,Richard Jones,2,2015-04-01,45197.0,5.0,richard.jones@company.com,5
1287.0,Kevin Clark,1,,43849.0,1.0,kevin.clark@company.com,4
1423.0,Jane Young,2,2024-05-30,50616.0,-1.0,jane.young@company.com,5
1095.0,Joshua Young,6,,105582.0,3.0,joshua.young@company.com,2
1312.0,Michael Wilson,7,2022-09-02,50776.0,5.0,michael.wilson@company.com,2
1369.0,Thomas Martinez,3,,76162.0,5.0,thomas.martinez@company.com,5
1024.0,Elizabeth Rodriguez,1,2022-07-13,56217.0,4.0,elizabeth.rodriguez@company.com,1
1272.0,Linda Robinson,5,2020-11-03,91086.0,5.0,linda.robinson@company.com,3
1300.0,Lisa Davis,7,2017-03-24,64334.0,5.0,lisa.davis@company.com,1
1374.0,Sarah Young,4,,95123.98,5.0,sarah.young@company.com,1
1006.0,Lisa Taylor,4,2018-06-12,85389.0,2.0,lisa.taylor@company.com,5
1117.0,James Hall,5,2023-04-04,73064.0,3.0,james.hall@company.com,3
1046.0,James Rodriguez,6,2024-10-18,86922.0,3.0,james.rodriguez@company.com,5
1186.0,Thomas Jackson,4,2024-01-30,77552.0,1.0,thomas.jackson@company.com,2
1017.0,Linda Rodriguez,7,,77252.0,5.0,linda.rodriguez@company.com,1
1478.0,John Smith,4,2014-01-28,109469.0,3.0,john.smith@company.com,5
1368.0,Michael White,2,,82144.0,4.0,michael.white@company.com,4
1004.0,Jessica Lewis,2,2014-03-09,64223.62,5.0,jessica.lewis@company.com,3
1235.0,Betty Martin,3,2022-10-09,79973.0,1.0,betty.martin@company.com,5
1385.0,Emily Williams,2,2015-02-01,50042.0,5.0,emily.williams@company.com,1
1061.0,Jane Smith,2,2019-03-28,81621.0,3.0,jane.smith@company.com,5
1111.0,Barbara Smith,4,2018-05-02,119712.0,3.0,barbara.smith@company.com,1
1410.0,Christopher Martinez,4,2024-03-07,112778.0,3.0,christopher.martinez@company.com,5
1421.0,Jessica Lewis,7,2020-10-04,88395.0,3.0,jessica.lewis@company.com,1
1030.0,Christopher Miller,5,2016-09-17,101122.0,4.0,christopher.miller@company.com,4
1275.0,Barbara Thompson,3,2024-09-26,61864.0,5.0,barbara.thompson@company.com,5
1303.0,Christopher White,5,2021-03-08,79458.0,5.0,christopher.white@company.com,1
1027.0,Robert Miller,1,2020-04-19,74439.0,4.0,robert.miller@company.com,4
1008.0,David Thompson,4,2019-06-07,118174.0,1.0,david.thompson@company.com,4
1182.0,Michael Taylor,4,2018-03-09,99536.0,3.0,michael.taylor@company.com,3
1022.0,Lisa Moore,4,2018-06-22,98627.0,1.0,lisa.moore@company.com,2
1109.0,Matthew Young,4,2017-03-28,95123.98,1.0,matthew.young@company.com,4
1038.0,Nancy Young,4,2014-07-27,96497.0,4.0,nancy.young@company.com,4
1158.0,James Lee,4,,109387.0,3.0,james.lee@company.com,5
1482.0,Sarah Lopez,1,2019-01-04,44146.0,4.0,sarah.lopez@company.com,4
1119.0,Matthew Lewis,5,2021-08-18,116434.0,5.0,matthew.lewis@company,3
1115.0,Thomas Hernandez,1,2020-03-02,62685.0,5.0,thomas.hernandez@company.com,2
1267.0,Emily Thompson,1,,55074.0,1.0,emily.thompson@company.com,1
1176.0,Matthew Lopez,4,2014-10-03,109306.0,5.0,matthew.lopez@company.com,1
1422.0,William Martin,4,2015-03-16,95123.98,4.0,william.martin@company.com,2
1350.0,Jessica Walker,1,2016-08-11,76221.0,3.0,jessica.walker@company.com,3
1145.0,Patricia Davis,5,2023-01-07,108463.0,3.0,patricia.davis@company.com,2
1381.0,Betty White,1,2021-03-30,53576.0,3.0,betty.white@company.com,5
1392.0,Kevin Johnson,4,2023-07-15,95123.98,2.0,kevin.johnson@company.com,3
1212.0,James Walker,2,2022-09-08,59222.0,4.0,james.walker@company.com,1
1322.0,Betty Hall,2,2024-05-12,52013.0,1.0,betty.hall@company.com,3
1495.0,Jennifer Martin,4,2021-10-08,95123.98,5.0,jennifer.martin@company.com,1
1142.0,William Robinson,7,2015-07-16,83023.0,3.0,william.robinson@company.com,2
1377.0,Barbara Jones,6,,64312.0,3.0,barbara.jones@company.com,4
1068.0,Michael Moore,1,2024-08-07,54280.0,2.0,michael.moore@company.com,5
1409.0,Susan Lopez,5,2016-02-03,80998.0,1.0,susan.lopez@company.com,1
1169.0,Patricia Garcia,6,2019-12-21,86317.22,4.0,patricia.garcia@company.com,5
1202.0,William Miller,1,2016-07-21,46059.0,3.0,william.miller@company.com,4
1434.0,Michael Thompson,4,2023-07-18,111507.0,1.0,michael.thompson@company.com,5
1229.0,Andrew Thompson,3,2015-09-13,60684.0,1.0,andrew.thompson@company.com,4
1194.0,Sarah Hall,7,2016-12-23,65915.0,2.0,sarah.hall@company.com,1
1082.0,Susan Lewis,2,2023-11-24,71795.0,4.0,susan.lewis@company.com,4
1110.0,Emily Wilson,6,2014-10-29,86317.22,4.0,emily.wilson@company.com,1
1429.0,Nancy Thomas,5,2019-11-18,72561.0,1.0,nancy.thomas@company.com,2
1146.0,Richard Davis,4,,95123.98,0.0,richard.davis@company.com,3
1093.0,Thomas Clark,2,2015-03-07,80343.0,3.0,thomas.clark@company.com,1
1153.0,David Walker,5,,112426.0,1.0,david.walker@company.com,5
1480.0,Elizabeth Moore,3,2018-04-21,77317.0,4.0,elizabeth.moore@company.com,1
1249.0,Jane Lee,2,,69294.0,3.0,jane.lee@company.com,5
1084.0,Andrew Johnson,1,2021-05-03,48875.0,1.0,andrew.johnson@company.com,2
1104.0,Betty Walker,6,,60455.0,5.0,betty.walker@company.com,5
1166.0,Lisa Brown,3,2019-09-09,77481.0,3.0,lisa.brown@company.com,4
1164.0,Richard Hernandez,7,,77997.0,3.0,richard.hernandez@company,3
1200.0,Andrew Harris,1,2020-06-27,69477.0,5.0,andrew.harris@company.com,3
1246.0,Karen Lewis,6,2019-10-26,101973.0,3.0,karen.lewis@company.com,2
1075.0,Nancy Wilson,4,2020-07-17,95123.98,2.0,nancy.wilson@company.com,2
1317.0,Patricia Taylor,6,2017-03-24,97576.0,4.0,patricia.taylor@company.com,4
1230.0,Emily Gonzalez,7,2018-08-19,86181.0,3.0,emily.gonzalez@company.com,4
1485.0,Robert Williams,5,2024-12-09,73085.0,4.0,robert.williams@company.com,4
1120.0,Christopher Thompson,7,2020-11-07,57395.0,3.0,christopher.thompson@company.com,4
1387.0,Patricia Wilson,6,2020-06-09,81292.0,1.0,patricia.wilson@company.com,2
1443.0,Richard Martin,2,2022-03-14,62679.0,1.0,richard.martin@company.com,3
1262.0,David Garcia,6,2017-12-22,114732.0,1.0,david.garcia@company.com,1
1365.0,Lisa Rodriguez,2,2024-06-02,47788.0,3.0,lisa.rodriguez@company.com,1
1412.0,David Gonzalez,6,2024-10-15,86317.22,4.0,david.gonzalez@company.com,4
1336.0,Linda Anderson,1,2017-01-17,64448.0,3.0,linda.anderson@company.com,1
1263.0,David Thompson,7,2021-07-31,69345.0,2.0,david.thompson@company.com,1
1481.0,Daniel Johnson,4,2016-08-22,89127.0,5.0,daniel.johnson@company.com,5
1419.0,Barbara Harris,4,2017-05-07,95123.98,3.0,barbara.harris@company.com,5
1395.0,Richard Wilson,3,2024-03-29,94519.0,4.0,richard.wilson@company.com,4
1037.0,Karen Rodriguez,6,2015-01-02,86317.22,5.0,karen.rodriguez@company.com,1
1197.0,Barbara Thompson,3,2022-10-12,66644.0,3.0,barbara.thompson@company.com,1
1140.0,Kevin Lopez,2,2014-07-05,48699.0,2.0,kevin.lopez@company.com,1
1376.0,Matthew Williams,3,,88129.0,1.0,matthew.williams@company.com,3
1494.0,Lisa Smith,4,2018-12-01,95123.98,3.0,lisa.smith@company.com,5
1292.0,Lisa Lee,7,,50418.0,3.0,lisa.lee@company.com,5
1284.0,Matthew Thomas,4,,95123.98,4.0,matthew.thomas@company.com,4
1060.0,Karen Moore,6,2019-10-10,67567.0,3.0,karen.moore@company.com,4
1473.0,William Wilson,6,2015-07-30,82227.0,5.0,william.wilson@company.com,3
1112.0,Jessica Garcia,4,2019-08-28,100102.0,1.0,jessica.garcia@company.com,3
1090.0,Sarah Thompson,6,2023-03-07,109479.0,4.0,sarah.thompson@company.com,4
1418.0,Jessica Harris,7,2014-02-07,74203.47,2.0,jessica.harris@company.com,1
1007.0,Lisa Smith,6,2018-08-30,98671.0,4.0,lisa.smith@company.com,3
1372.0,Nancy Hernandez,2,2019-05-03,49872.0,5.0,nancy.hernandez@company.com,1
1355.0,Lisa Davis,6,2022-01-17,82463.0,5.0,lisa.davis@company.com,4
1347.0,Sarah Young,5,2019-12-16,81560.0,4.0,sarah.young@company.com,5
1159.0,Jessica Taylor,4,,106064.0,1.0,jessica.taylor@company.com,5
1151.0,David Hernandez,2,2024-01-07,60525.0,1.0,david.hernandez@company.com,3
1393.0,Jane Miller,4,2024-07-03,113480.0,4.0,jane.miller@company.com,4
1039.0,John Hall,6,2017-03-04,79641.0,3.0,john.hall@company.com,4
1323.0,Kevin Walker,1,2018-12-17,46312.0,3.0,kevin.walker@company.com,5
1199.0,James Harris,4,2022-09-15,80363.0,6.0,james.harris@company.com,1
1450.0,Jane Thompson,4,2022-04-06,95123.98,2.0,jane.thompson@company.com,4
1147.0,Kevin Smith,2,,65899.0,3.0,kevin.smith@company.com,5
1405.0,Christopher Jackson,2,2023-05-19,49981.0,2.0,christopher.jackson@company.com,1
1148.0,Betty Thompson,5,,92845.0,4.0,betty.thompson@company.com,3
1315.0,James Lewis,5,2017-04-04,102329.0,4.0,james.lewis@company.com,5
1490.0,Jennifer Smith,7,2020-06-04,73666.0,2.0,jennifer.smith@company.com,2
1403.0,Mary Young,6,2024-04-24,117290.0,3.0,mary.young@company.com,5
1097.0,Emily Wilson,5,2018-02-07,66696.0,3.0,emily.wilson@company.com,5
1144.0,Matthew Walker,1,2017-09-26,55346.0,3.0,matthew.walker@company.com,1
1240.0,John Robinson,2,2023-07-07,78607.0,2.0,john.robinson@company.com,2
1407.0,Karen Thomas,3,2022-11-02,84660.0,5.0,karen.thomas@company.com,3
1098.0,Jennifer Martin,5,2022-07-26,90209.0,2.0,jennifer.martin@company.com,4
1361.0,Linda Taylor,2,2014-01-22,82083.0,3.0,linda.taylor@company.com,4
1123.0,Susan Lewis,1,2024-12-07,41025.0,5.0,susan.lewis@company.com,5
1184.0,Richard Gonzalez,6,2017-06-14,78920.0,1.0,richard.gonzalez@company.com,1
1203.0,Sarah Lopez,6,2022-02-02,86317.22,1.0,sarah.lopez@company.com,1
1247.0,Mary Jackson,5,2016-04-29,114921.0,2.0,mary.jackson@company.com,3
1483.0,Michael Davis,4,2022-06-15,91916.0,5.0,michael.davis@company.com,4
1306.0,Lisa Clark,7,,81972.0,4.0,lisa.clark@company.com,2
1362.0,Emily Thomas,4,,82499.0,5.0,emily.thomas@company.com,5
1308.0,Kevin Clark,6,2018-06-05,60866.0,5.0,kevin.clark@company.com,2
1408.0,Barbara Smith,7,2019-07-23,74203.47,1.0,barbara.smith@company.com,3
1291.0,Lisa Young,1,2017-07-22,43179.0,1.0,lisa.young@company.com,1
1126.0,Andrew Garcia,5,2018-09-03,59409.0,1.0,andrew.garcia@company.com,4
1311.0,William Clark,3,2024-09-15,71957.0,1.0,william.clark@company.com,3
1224.0,Charles Martinez,2,2016-02-21,60898.0,4.0,charles.martinez@company.com,4
1441.0,Nancy Hall,6,2017-09-16,86317.22,3.0,nancy.hall@company.com,5
1220.0,Matthew Wilson,3,2020-03-06,93593.0,4.0,matthew.wilson@company.com,1
1130.0,Joshua Gonzalez,2,2024-07-12,74257.0,1.0,joshua.gonzalez@company.com,5
1433.0,Charles Thompson,7,2015-07-04,75534.0,1.0,charles.thompson@company.com,2
1491.0,Kevin Davis,2,2014-02-16,61495.0,1.0,kevin.davis@company.com,5
1337.0,Jennifer Martin,4,2015-07-17,95123.98,2.0,jennifer.martin@company.com,2
1389.0,Robert Moore,3,2020-01-01,60759.0,1.0,robert.moore@company.com,5
1298.0,Lisa Thomas,1,2022-02-03,49897.0,5.0,lisa.thomas@company.com,3
1366.0,Nancy Anderson,1,2015-09-10,55057.0,5.0,nancy.anderson@company.com,1
1302.0,Michael Lee,3,2020-06-06,74885.0,4.0,michael.lee@company.com,1
1295.0,John White,6,,90334.0,3.0,john.white@company.com,2
1378.0,Joshua Jones,7,2017-03-22,61754.0,3.0,joshua.jones@company.com,4
1349.0,Richard Harris,6,2021-02-26,109436.0,3.0,richard.harris@company.com,4
1113.0,Lisa Harris,4,,95123.98,5.0,lisa.harris@company.com,3
1180.0,Linda Wilson,5,2015-03-25,70792.0,1.0,linda.wilson@company.com,2
1453.0,Linda Lee,4,2017-04-23,95123.98,3.0,linda.lee@company.com,3
1348.0,Jane Garcia,3,2016-07-13,69855.0,1.0,jane.garcia@company.com,3
1339.0,Linda Harris,4,,95123.98,1.0,linda.harris@company.com,1
1498.0,Thomas Jones,5,2021-06-28,85006.0,3.0,thomas.jones@company.com,3
1371.0,Nancy Rodriguez,4,2023-11-07,76102.0,5.0,nancy.rodriguez@company.com,5
1234.0,Charles Garcia,4,,95123.98,2.0,charles.garcia@company.com,4
1461.0,Robert Gonzalez,7,2021-03-01,89193.0,3.0,robert.gonzalez@company.com,1
1463.0,Christopher Miller,7,,75246.0,4.0,christopher.miller@company.com,1
1165.0,Jennifer Smith,4,2017-10-09,95123.98,7.0,jennifer.smith@company.com,1
1137.0,Robert Robinson,3,2018-07-03,60357.0,4.0,robert.robinson@company.com,2
1198.0,Andrew Harris,5,,97382.0,5.0,andrew.harris@company.com,4
1259.0,Andrew Young,5,,116260.0,0.0,andrew.young@company.com,2
1233.0,Betty Young,5,2018-08-08,79947.0,5.0,betty.young@company.com,5
1116.0,Richard Lewis,4,2017-02-19,90332.0,4.0,richard.lewis@company.com,3
1121.0,Barbara Walker,3,2015-02-05,47111.0,2.0,barbara.walker@company.com,1
1370.0,Karen Davis,2,2023-11-17,62766.0,5.0,karen.davis@company.com,3
1225.0,Elizabeth Moore,3,,90588.0,1.0,elizabeth.moore@company.com,3
1415.0,Robert Robinson,2,,59951.0,4.0,robert.robinson@company.com,3
1356.0,Robert Robinson,6,2019-04-19,86317.22,3.0,robert.robinson@company.com,3
1128.0,Jane White,7,2017-10-20,88924.0,3.0,jane.white@company.com,5
1286.0,Thomas Walker,4,2021-11-27,95123.98,4.0,thomas.walker@company.com,3
1424.0,Jane Davis,1,2017-04-10,59357.0,3.0,jane.davis@company.com,3
1108.0,Elizabeth Garcia,7,2020-03-16,85680.0,3.0,elizabeth.garcia@company.com,1
1382.0,Andrew Jones,2,2014-08-31,83471.0,1.0,andrew.jones@company.com,2
1334.0,Sarah Clark,3,2020-04-21,70697.7,4.0,sarah.clark@company.com,3
1134.0,Richard Thomas,2,2016-03-26,47899.0,1.0,richard.thomas@company.com,3
1375.0,Jane Moore,1,,76930.0,3.0,jane.moore@company.com,1
1045.0,William Robinson,5,2016-10-13,99583.0,2.0,william.robinson@company.com,5
1477.0,Michael Thomas,5,2016-10-13,72623.0,4.0,michael.thomas@company.com,3
1066.0,Betty Young,6,2014-05-04,93352.0,4.0,betty.young@company.com,2
1086.0,Michael Lopez,4,2019-12-04,95123.98,3.0,michael.lopez@company.com,1
1243.0,Jennifer Martinez,6,2014-09-13,86317.22,5.0,jennifer.martinez@company.com,1
1187.0,Charles Miller,7,2022-02-18,86856.0,3.0,charles.miller@company.com,4
1396.0,John Gonzalez,6,2024-05-02,78343.0,3.0,john.gonzalez@company.com,2
1160.0,Daniel Gonzalez,4,,77989.0,4.0,daniel.gonzalez@company.com,2
1013.0,Kevin Thompson,1,2015-08-12,71338.0,2.0,kevin.thompson@company.com,5
1036.0,James Thomas,1,2015-08-01,75890.0,3.0,james.thomas@company.com,1
1029.0,Matthew Hernandez,3,2017-07-31,79614.0,1.0,matthew.hernandez@company.com,5
1171.0,Andrew Rodriguez,7,2021-12-12,74203.47,1.0,andrew.rodriguez@company.com,5
1143.0,Robert Lewis,4,2022-01-01,107914.0,5.0,robert.lewis@company.com,5
1411.0,Patricia Clark,5,2022-05-26,56941.0,4.0,patricia.clark@company.com,3
1437.0,Michael Harris,5,2017-01-22,60997.0,2.0,michael.harris@company.com,1
1222.0,Joshua Gonzalez,3,2021-11-09,93947.0,2.0,joshua.gonzalez@company.com,1
1096.0,Jennifer Walker,2,,52774.0,4.0,jennifer.walker@company.com,3
1052.0,Michael Lee,4,,95123.98,4.0,michael.lee@company.com,5
1241.0,Sarah Smith,5,2022-02-04,112855.0,3.0,sarah.smith@company.com,4
1384.0,Lisa Miller,1,2022-08-15,66102.0,2.0,lisa.miller@company.com,4
1352.0,Karen Anderson,4,2015-02-15,77355.0,3.0,karen.anderson@company.com,2
1391.0,Richard Wilson,3,2022-02-09,70503.0,5.0,richard.wilson@company.com,2
1179.0,Susan Hernandez,6,,86317.22,2.0,susan.hernandez@company.com,3
1042.0,Emily Williams,6,2023-09-10,86317.22,1.0,emily.williams@company.com,5
1449.0,Elizabeth Jackson,1,,69415.0,5.0,elizabeth.jackson@company.com,5
1400.0,Karen White,6,,105332.0,3.0,karen.white@company.com,1
1207.0,Thomas Hall,6,2015-11-30,65183.0,3.0,thomas.hall@company.com,2
1283.0,Susan Davis,7,2017-04-05,85818.0,1.0,susan.davis@company.com,2
1359.0,Thomas Clark,5,2022-08-24,97264.0,2.0,thomas.clark@company.com,2
1255.0,Jessica Miller,4,,89126.0,3.0,jessica.miller@company.com,5
1425.0,Daniel Thomas,2,2017-11-03,61151.0,5.0,daniel.thomas@company.com,5
1005.0,James Lee,1,2015-10-10,60380.0,4.0,james.lee@company.com,3
1257.0,Joshua Thomas,5,,72090.0,5.0,joshua.thomas@company.com,4
1462.0,Susan Hernandez,2,2024-01-23,66261.0,5.0,susan.hernandez@company.com,4
1101.0,Susan Hall,4,2014-07-05,86691.0,1.0,susan.hall@company.com,2
1227.0,David Miller,1,2017-07-08,53402.0,7.0,david.miller@company.com,5
1440.0,Susan Anderson,7,2015-07-04,79146.0,3.0,susan.anderson@company.com,2
1214.0,Andrew Harris,4,2018-04-07,97379.0,3.0,andrew.harris@company.com,3
1435.0,Nancy Lewis,5,2019-08-28,78638.0,2.0,nancy.lewis@company.com,4
1172.0,Jane Johnson,7,2020-04-24,74203.47,2.0,jane.johnson@company.com,4
1099.0,Jennifer Harris,1,2018-07-10,65759.0,4.0,jennifer.harris@company.com,1
1293.0,Michael Jackson,4,2017-11-29,95123.98,5.0,michael.jackson@company.com,2
1216.0,Charles Martinez,3,,64869.0,0.0,charles.martinez@company.com,5
1062.0,Jessica Brown,3,2019-08-05,75302.0,4.0,jessica.brown@company.com,3
1048.0,Robert Smith,4,2024-02-13,95123.98,1.0,robert.smith@company.com,2
1033.0,Lisa Walker,1,,76973.0,5.0,lisa.walker@company.com,2
1268.0,James Lee,3,2021-03-19,69893.0,4.0,james.lee@company.com,3
1328.0,Karen Anderson,5,,95617.0,2.0,karen.anderson@company.com,1
1201.0,Matthew Thompson,7,2020-06-23,74203.47,2.0,matthew.thompson@company,3
1484.0,Barbara Lee,6,2016-12-29,116973.0,1.0,barbara.lee@company.com,4
1028.0,Christopher White,7,2015-03-11,79278.0,2.0,christopher.white@company.com,1
1426.0,Patricia Davis,3,2019-02-05,91734.0,4.0,patricia.davis@company.com,4
1231.0,Barbara Thompson,7,2021-09-29,71077.0,2.0,barbara.thompson@company.com,2
1261.0,Andrew Harris,3,,82954.0,3.0,andrew.harris@company.com,2
1379.0,John Davis,4,2017-08-08,111220.0,3.0,john.davis@company.com,3
1289.0,Thomas Anderson,2,2021-11-27,47216.0,3.0,thomas.anderson@company.com,4
1163.0,Daniel Moore,1,2017-10-05,51477.0,5.0,daniel.moore@company.com,5
1438.0,Elizabeth Garcia,2,,45340.0,2.0,elizabeth.garcia@company.com,4
1139.0,Daniel Anderson,7,2014-06-14,64238.0,2.0,daniel.anderson@company.com,2
1063.0,Thomas Williams,2,2023-11-10,65196.0,2.0,thomas.williams@company.com,4
1136.0,Michael Miller,3,,73767.0,3.0,michael.miller@company.com,3
1129.0,Lisa Brown,1,2020-04-03,42200.0,4.0,lisa.brown@company.com,3
1493.0,Kevin Robinson,2,2021-01-05,61160.0,1.0,kevin.robinson@company.com,2
1009.0,Jessica Robinson,7,2019-03-18,64473.0,3.0,jessica.robinson@company.com,3
1327.0,Lisa Lewis,4,2019-05-17,95156.0,3.0,lisa.lewis@company.com,4
1479.0,Thomas Harris,6,2016-04-12,95180.0,2.0,thomas.harris@company.com,5
1065.0,Sarah White,1,2019-07-31,65948.0,5.0,sarah.white@company.com,2
1301.0,John Jones,2,2015-05-15,78143.0,3.0,john.jones@company.com,4
1015.0,Michael Young,6,,119634.0,1.0,michael.young@company.com,5
1157.0,Barbara Lopez,2,,72103.0,5.0,barbara.lopez@company.com,2
1041.0,Karen Johnson,5,2018-04-23,76503.0,5.0,karen.johnson@company.com,5
1380.0,Michael Gonzalez,2,,46026.0,3.0,michael.gonzalez@company.com,2
1474.0,Betty Rodriguez,2,2019-05-10,69951.0,4.0,betty.rodriguez@company.com,5
1416.0,Jane Wilson,6,2023-11-01,106636.0,4.0,jane.wilson@company.com,2
1217.0,Betty Taylor,4,2021-08-20,72009.0,0.0,betty.taylor@company.com,5
1280.0,Christopher Jones,2,2016-07-10,68080.0,3.0,christopher.jones@company.com,3
1487.0,James Lee,1,2017-05-21,59644.0,3.0,james.lee@company.com,1
1338.0,Linda Robinson,5,2015-03-24,85080.0,5.0,linda.robinson@company.com,4
1237.0,Elizabeth Martinez,3,2024-04-28,65212.0,2.0,elizabeth.martinez@company.com,3
1208.0,John Hernandez,3,2019-11-18,49769.0,1.0,john.hernandez@company.com,5
1213.0,Charles Brown,2,2023-06-08,76417.0,2.0,charles.brown@company.com,3
1296.0,Daniel White,1,2024-06-24,44454.0,2.0,daniel.white@company.com,1
1471.0,Mary Clark,6,,91816.0,3.0,mary.clark@company.com,4
1252.0,Daniel Anderson,6,,65992.0,3.0,daniel.anderson@company.com,5
1472.0,Thomas Robinson,6,2016-01-27,86317.22,2.0,thomas.robinson@company.com,5
1304.0,Matthew Smith,7,2020-03-02,53961.0,3.0,matthew.smith@company.com,4
1351.0,William Thomas,6,2014-04-08,86317.22,3.0,william.thomas@company.com,5
1270.0,Nancy Hernandez,7,2021-10-10,66104.0,3.0,nancy.hernandez@company.com,5
1162.0,Kevin Robinson,3,2023-06-14,83775.0,3.0,kevin.robinson@company.com,3
1218.0,Sarah Martinez,6,2016-09-19,87762.0,3.0,sarah.martinez@company.com,2
1402.0,Thomas Walker,1,2024-06-22,46401.0,5.0,thomas.walker@company.com,4
1191.0,John Wilson,3,2014-04-20,79733.0,1.0,john.wilson@company.com,3
1310.0,Nancy Brown,3,2017-11-14,81152.0,1.0,nancy.brown@company,1
1260.0,Barbara Lewis,1,2017-11-03,78275.0,2.0,barbara.lewis@company.com,4
1106.0,Matthew Lewis,7,2016-03-08,69553.0,5.0,matthew.lewis@company.com,2
1054.0,Sarah Garcia,5,2022-01-02,84716.0,3.0,sarah.garcia@company.com,5
1390.0,Nancy Anderson,2,2022-04-14,82138.0,1.0,nancy.anderson@company.com,1
1002.0,Sarah Martinez,5,2014-10-26,65467.0,2.0,sarah.martinez@company.com,3
1455.0,Daniel Jones,6,2021-07-25,63442.0,4.0,daniel.jones@company.com,3
1499.0,Joshua Thomas,2,2015-04-30,64223.62,2.0,joshua.thomas@company.com,2
1050.0,William Clark,2,2023-02-15,50959.0,1.0,william.clark@company.com,3
1420.0,Jane Moore,5,,67172.0,1.0,jane.moore@company.com,5
1081.0,Jane Hall,2,2020-09-13,63814.0,3.0,jane.hall@company.com,1
1206.0,Emily Thompson,3,2019-05-22,69718.0,4.0,emily.thompson@company.com,2
1035.0,Daniel Taylor,3,2016-10-12,49047.0,1.0,daniel.taylor@company.com,4
1431.0,Emily Gonzalez,7,2023-12-22,74203.47,4.0,emily.gonzalez@company.com,5
1264.0,Susan Williams,1,2022-08-29,49988.0,4.0,susan.williams@company.com,4
1428.0,Betty Wilson,1,2020-02-04,45376.0,3.0,betty.wilson@company.com,1
1367.0,Betty Williams,6,2018-07-25,87710.0,2.0,betty.williams@company,2
1092.0,James Lopez,4,2018-11-01,80518.0,5.0,james.lopez@company.com,3
1340.0,Thomas Young,3,,60938.0,5.0,thomas.young@company.com,5
1489.0,Betty Clark,6,2022-02-08,70082.0,3.0,betty.clark@company.com,5
1053.0,Richard Rodriguez,3,,48646.0,2.0,richard.rodriguez@company.com,2
1346.0,Matthew Anderson,5,2024-02-25,61127.0,3.0,matthew.anderson@company.com,1
1265.0,Patricia Martinez,7,2023-09-24,62857.0,5.0,patricia.martinez@company,1
1242.0,Betty Martinez,5,,87589.0,2.0,betty.martinez@company.com,5
1014.0,Barbara Brown,3,2017-07-04,55039.0,4.0,barbara.brown@company.com,2
1316.0,Susan White,1,2014-06-22,58005.0,2.0,susan.white@company.com,1
1089.0,Nancy Davis,7,2014-02-03,79395.0,1.0,nancy.davis@company.com,1
1388.0,Patricia Hernandez,5,2016-09-08,91959.0,2.0,patricia.hernandez@company.com,3
1274.0,Betty Davis,7,2016-02-27,72122.0,4.0,betty.davis@company.com,1
1167.0,David Young,1,2023-04-16,43072.0,3.0,david.young@company.com,2
1329.0,Patricia Thompson,5,2016-04-07,89501.0,4.0,patricia.thompson@company,1
1135.0,James Davis,6,2020-03-10,112725.0,3.0,james.davis@company.com,5
1307.0,Michael Walker,4,2024-12-28,72061.0,5.0,michael.walker@company.com,2
1497.0,Emily Davis,6,2014-09-12,85630.0,3.0,emily.davis@company.com,2
1320.0,David Moore,2,2014-11-20,73218.0,4.0,david.moore@company.com,2
1244.0,Kevin Miller,5,2021-11-30,61462.0,1.0,kevin.miller@company.com,3
1055.0,Jennifer Harris,1,2017-07-04,48647.0,1.0,jennifer.harris@company,3
1364.0,Thomas Davis,5,2024-12-19,115237.0,1.0,thomas.davis@company.com,2
1051.0,Sarah Jones,1,2017-09-03,73447.0,1.0,sarah.jones@company.com,1
1470.0,Matthew Rodriguez,4,2021-07-04,95123.98,1.0,matthew.rodriguez@company.com,5
1175.0,David Wilson,2,2023-02-24,54779.0,5.0,david.wilson@company.com,3
1446.0,Daniel Hall,6,2016-11-19,71442.0,2.0,daniel.hall@company.com,3
1190.0,Nancy White,4,,95123.98,1.0,nancy.white@company.com,1
1464.0,William Anderson,5,2023-04-11,55808.0,5.0,william.anderson@company.com,3
1188.0,James Rodriguez,4,2023-10-13,95123.98,3.0,james.rodriguez@company.com,2
1170.0,Michael Jackson,1,2019-06-30,64979.0,3.0,michael.jackson@company.com,4
1059.0,James Wilson,2,2019-08-03,81956.0,3.0,james.wilson@company.com,1
1475.0,Andrew Robinson,4,2017-08-18,92216.0,3.0,andrew.robinson@company.com,5
1049.0,Andrew Hernandez,5,2015-10-17,87035.0,4.0,andrew.hernandez@company.com,5
1345.0,Matthew Moore,6,2021-06-07,64152.0,4.0,matthew.moore@company.com,2
1236.0,John Jackson,7,2020-11-09,73544.0,5.0,john.jackson@company.com,5
1253.0,Michael Anderson,5,,91865.0,2.0,michael.anderson@company.com,5
1314.0,Lisa Garcia,4,,95123.98,4.0,lisa.garcia@company.com,1
1460.0,James Rodriguez,5,2023-08-08,94120.0,1.0,james.rodriguez@company.com,5
1161.0,Linda Thompson,7,,86485.0,3.0,linda.thompson@company,3
1277.0,Jessica Davis,2,2017-02-16,77151.0,5.0,jessica.davis@company.com,3
1444.0,Sarah Moore,3,,51699.0,4.0,sarah.moore@company.com,5
1192.0,Susan Smith,1,2020-10-09,48787.0,2.0,susan.smith@company.com,2
1386.0,Linda Wilson,6,2021-04-25,99226.0,4.0,linda.wilson@company.com,1
1414.0,Mary Young,1,2024-05-21,72152.0,5.0,mary.young@company.com,3
1492.0,Michael Miller,5,2016-12-07,116880.0,5.0,michael.miller@company.com,4
1344.0,Susan Hall,6,2014-07-27,70566.0,1.0,susan.hall@company.com,4
1258.0,Michael Lewis,3,,81261.0,3.0,michael.lewis@company.com,2
1309.0,Jane Young,7,2023-07-03,74203.47,4.0,jane.young@company.com,2
1150.0,Thomas Gonzalez,4,,112030.0,3.0,thomas.gonzalez@company.com,2
1131.0,Jane Walker,1,2018-02-06,79176.0,5.0,jane.walker@company,2
1152.0,James Rodriguez,1,2019-10-13,59776.0,4.0,james.rodriguez@company.com,1
1360.0,David Clark,1,2015-07-18,61710.0,1.0,david.clark@company.com,5
1100.0,Robert Jones,2,2018-07-02,79658.0,4.0,robert.jones@company.com,5
1373.0,Barbara Hernandez,4,2019-10-05,106749.0,1.0,barbara.hernandez@company.com,2
1088.0,Lisa Thompson,6,2020-01-08,110132.0,2.0,lisa.thompson@company.com,3
1459.0,Betty Johnson,2,2020-07-11,51099.0,4.0,betty.johnson@company.com,1
1331.0,Linda Moore,2,,68228.0,1.0,linda.moore@company.com,2
1215.0,Emily Young,7,2015-08-29,71821.0,1.0,emily.young@company.com,5
1467.0,Richard Clark,7,2017-05-09,75414.0,3.0,richard.clark@company.com,3
1122.0,Lisa Harris,7,2015-06-12,77475.0,2.0,lisa.harris@company.com,4
1021.0,Robert Harris,3,2024-12-09,80226.0,4.0,robert.harris@company.com,4
1189.0,Barbara Johnson,7,,77296.0,0.0,barbara.johnson@company.com,5
1107.0,Michael Lewis,2,2018-01-24,75343.0,3.0,michael.lewis@company.com,5
1271.0,Elizabeth Williams,7,2016-12-18,82722.0,5.0,elizabeth.williams@company.com,1
1436.0,Emily Gonzalez,3,2019-02-04,51982.0,3.0,emily.gonzalez@company.com,3
1103.0,Christopher Davis,2,,59594.0,3.0,christopher.davis@company.com,3
